x_muestra,y_muestra
0.24459078080903102,
0.2494662194690948,0.007659427436678466
0.2543416581291586,0.028601587321174786
0.25921709678922245,0.030568415137359927
0.26409253544928624,-0.004498454160666821
0.26896797410935,0.030904446530665458
0.2738434127694138,-0.004861064308245186
0.27871885142947767,-0.0009274086758749352
0.28359429008954146,0.027056222608458087
0.28846972874960525,0.0624591232997903
0.29334516740966904,0.026416434023463303
0.2982206060697329,0.0421510565529445
0.3030960447297967,0.10888461308453092
0.30797148338986047,0.12855289124638217
0.31284692204992426,0.1424004222224964
0.31772236070998805,0.1502677334872369
0.3225977993700519,0.13596076975869337
0.3274732380301157,0.1044915246997312
0.3323486766901795,0.14751683242000502
0.3372241153502433,0.1317822098905238
0.3420995540103071,0.16779262496523398
0.3469749926703709,0.15009117461956784
0.3518504313304347,0.17056630782184248
0.3567258699904985,0.22170383104265579
0.3616013086505623,0.17340074211678883
0.3664767473106261,0.1832348811977146
0.3713521859706899,0.2537900828972361
0.37622762463075377,0.26362422197816193
0.38110306329081756,0.23499510666149
0.38597850195088135,0.20918333929773258
0.39085394061094514,0.2504867234376202
0.39572937927100893,0.24145184546732565
0.4006048179310727,0.2748879183424727
0.4054802565911365,0.25811292743145753
0.41035569525120036,0.2679470665123833
0.41523113391126415,0.3265892908503587
0.420106572571328,0.33445660211509926
0.4249820112313918,0.35817054637375617
0.4298574498914556,0.3680046854546818
0.43473288855151937,0.3650734285548847
0.43960832721158316,0.3808080510843657
0.44448376587164695,0.38515747437285996
0.4493592045317108,0.4008920969023412
0.4542346431917746,0.3363968511770116
0.45911008185183844,0.3442641624417523
0.4639855205119022,0.4060597661259471
0.468860959171966,0.37852417669935534
0.4737363978320298,0.4233777230171063
0.4786118364920936,0.40174261703906977
0.4834872751521574,0.4316399186310423
0.4883627138122212,0.41787212391774636
0.49323815247228503,0.4331093440458371
0.4981135911323488,0.47244590036953965
0.5029890297924127,0.46814014217735034
0.5078644684524765,0.446505036199314
0.5127399071125402,0.47854952144003693
0.517615345772604,0.4649810673837867
0.5224907844326678,0.4669478951999718
0.5273662230927316,0.5238245308612562
0.5322416617527954,0.5080899083317753
0.5371171004128592,0.4911231706935055
0.541992539072923,0.530459727017208
0.5468679777329869,0.5030608283268769
0.5517434163930507,0.5187954508563581
0.5566188550531145,0.5831824830821483
0.5614942937131783,0.5851493108983334
0.5663697323732421,0.5507222301853014
0.571245171033306,0.556622713633857
0.5761206096933698,0.5981045551238613
0.5809960483534335,0.5745026213296397
0.5858714870134973,0.6065698883597395
0.5907469256735611,0.5947689214626287
0.5956223643336249,0.6197244732423137
0.6004978029936887,0.6059566785290178
0.6053732416537525,0.6559816910352709
0.6102486803138163,0.6579485188514561
0.6151241189738801,0.6156123602598261
0.6199995576339439,0.629380154973122
0.6248749962940077,0.6667252032088152
0.6297504349540716,0.6490237528631487
0.6346258736141354,0.6972490040086456
0.6395013122741992,0.7110167987219416
0.6443767509342629,0.6584022561565412
0.6492521895943267,0.6670935088037373
0.6541276282543906,0.7024964094950708
0.6590030669144544,0.7219729409296676
0.6638785055745182,0.712138801848742
0.668753944234582,0.6939437460665818
0.6736293828946458,0.7018110573313223
0.6785048215547096,0.7466778930262093
0.6833802602147734,0.7348769261290986
0.6882556988748372,0.7627504454314443
0.693131137534901,0.7686509288799998
0.6980065761949648,0.7410754713219986
0.7028820148550285,0.7686110607485904
0.7077574535150923,0.7561816961611733
0.7126328921751561,0.7876509412201351
0.71750833083522,0.7639977483998166
0.7223837694952838,0.7698982318483719
0.7272592081553476,0.804701212086119
0.7321346468154114,0.788966589556638
0.7370100854754753,0.8243675917655223
0.7418855241355391,0.834201730846448
0.7467609627956029,0.7918105162638246
0.7516364014556667,0.79771099971238
0.7565118401157305,0.8238682908816841
0.7613872787757943,0.8455033968597205
0.766262717435858,0.8382170212240844
0.7711381560959218,0.8224823986946034
0.7760135947559856,0.8272134169551569
0.7808890334160494,0.8634421575113933
0.7857644720761132,0.8673758131437636
0.790639910736177,0.8680269926234464
0.7955153493962408,0.877861131704372
0.8003907880563046,0.8833629338388361
0.8052662267163684,0.8656614834931701
0.8101416653764324,0.8602678948582455
0.8150171040364962,0.8799361730200969
0.81989254269656,0.8683459376747198
0.8247679813566238,0.87227959330709
0.8296434200166876,0.8796703854773689
0.8345188586767514,0.9032723192715904
0.8393942973368151,0.9037355489889157
0.8442697359968789,0.8919345820918049
0.8491451746569427,0.8901576025204253
0.8540206133170065,0.8980249137851659
0.8588960519770703,0.90931518890375
0.8637714906371341,0.9230829836170458
0.8686469292971979,0.9070427054134278
0.8735223679572617,0.9099929471377055
0.8783978066173255,0.9129431888619831
0.8832732452773893,0.9158934305862608
0.888148683937453,0.9227355613290515
0.8930241225975171,0.9306028725937924
0.8978995612575809,0.9384701838585329
0.9027749999176446,0.9463374951232734
0.9076504385777084,0.9441181691414967
0.9125258772377722,0.941167927417219
0.917401315897836,0.9382176856929414
0.9222767545578998,0.9360610096319508
0.9271521932179636,0.9439283208966913
0.9320276318780274,0.9517956321614318
0.9369030705380912,0.9596629434261723
0.941778509198155,0.9652122076218375
0.9466539478582188,0.9622619658975597
0.9515293865182826,0.959311724173282
0.9564048251783464,0.9563614824490044
0.9612802638384101,0.963748477654387
0.9661557024984739,0.9578479942058316
0.9710311411585377,0.9662905456523329
0.9759065798186017,0.958423234387592
0.9807820184786655,0.956410842992654
0.9856574571387293,0.9603444986250241
0.9905328957987931,0.9642781542573944
0.9954083344588569,0.9682118098897646
1.0002837731189207,0.9677599710671274
1.0051592117789845,0.9648097293428497
1.0100346504390483,0.9618594876185721
1.014910089099112,0.9589092458942944
1.0197855277591759,0.9587643284007595
1.0246609664192396,0.9594199376728212
1.0295364050793034,0.960075546944883
1.0344118437393672,0.9607311562169446
1.039287282399431,0.9613867654890064
1.0441627210594948,0.962042374761068
1.0490381597195586,0.9649682526272623
1.0539135983796224,0.96791849435154
1.0587890370396864,0.9708687360758178
1.0636644756997502,0.9718967643214395
1.068539914359814,0.9600957974243287
1.0734153530198778,0.9504008803895939
1.0782907916799416,0.9490896618454705
1.0831662303400054,0.9477784433013471
1.0880416690000692,0.9464672247572237
1.092917107660133,0.9451560062131003
1.0977925463201967,0.9438447876689768
1.1026679849802605,0.9550116614284372
1.1075434236403243,0.9471443501636966
1.1124188623003881,0.9544573045536049
1.117294300960452,0.9465899932888644
1.1221697396205157,0.9544468629001407
1.1270451782805795,0.9475629655434927
1.1319206169406433,0.9406790681868448
1.136796055600707,0.9337951708301968
1.141671494260771,0.9506641366223909
1.1465469329208349,0.9506641366223909
1.1514223715808987,0.9491605385235312
1.1562978102409625,0.947193710707346
1.1611732489010262,0.9170192306779574
1.16604868756109,0.9130855750455872
1.1709241262211538,0.9198365786308715
1.1757995648812176,0.927703889895612
1.1806750035412814,0.9278064079478068
1.1855504422013452,0.9196657152105463
1.190425880861409,0.9058979204972505
1.1953013195214728,0.893278707665028
1.2001767581815366,0.8893450520326577
1.2050521968416004,0.910871944511155
1.2099276355016642,0.9010378054302294
1.214803074161728,0.8912036663493038
1.2196785128217917,0.8813695272683781
1.2245539514818558,0.8779902285108402
1.2294293901419195,0.8878243675917658
1.2343048288019833,0.8951809870779791
1.2391802674620471,0.8892805036294237
1.244055706122111,0.8759987204228297
1.2489311447821747,0.8543636144447934
1.2538065834422385,0.8539535422360137
1.2586820221023023,0.8716549925816799
1.263557460762366,0.8294175550773489
1.2684328994224299,0.8235170716287936
1.2733083380824937,0.8582441125686183
1.2781837767425575,0.8562772847524331
1.2830592154026212,0.8258579004872452
1.2879346540626853,0.8415925230167269
1.292810092722749,0.8212199078666462
1.2976855313828128,0.7976179740724247
1.3025609700428766,0.808171638001163
1.3074364087029404,0.7845697042069409
1.3123118473630042,0.7818074122450214
1.317187286023068,0.8094075500748464
1.3220627246831318,0.7838387884644398
1.3269381633431956,0.803404548574096
1.3318136020032594,0.7739021313313191
1.3366890406633232,0.7591661105695167
1.341564479323387,0.7709670774666274
1.3464399179834508,0.742848653928482
1.3513153566435145,0.7310476870313711
1.3561907953035783,0.7223412465245905
1.3610662339636421,0.7203744187084055
1.365941672623706,0.7510709814110087
1.37081711128377,0.7156680807196748
1.3756925499438337,0.7497363482500259
1.3805679886038975,0.7418690369852855
1.3854434272639613,0.7350363986547351
1.390318865924025,0.7291359152061797
1.3951943045840889,0.7001176109876561
1.4000697432441527,0.6745488493772495
1.4049451819042165,0.6892734792443651
1.4098206205642803,0.655837406369218
1.414696059224344,0.674081822695028
1.4195714978844078,0.6386789220036957
1.4244469365444716,0.6519948778943548
1.4293223752045354,0.6205256328353927
1.4341978138645992,0.6407995268981738
1.439073252524663,0.6034297983906565
1.4439486911847268,0.6315653082708337
1.4488241298447906,0.5975710815559583
1.4536995685048546,0.5897037702912173
1.4585750071649184,0.5736293194035357
1.4634504458249822,0.6011649088301274
1.468325884485046,0.6173551671471399
1.4732013231451098,0.5740849551910671
1.4780767618051736,0.6021369318435306
1.4829522004652373,0.5883691371302348
1.4878276391253011,0.5877635212293052
1.492703077785365,0.5798962099645648
1.4975785164454287,0.5075127696675662
1.5024539551054925,0.4996454584028255
1.5073293937655563,0.553685761286715
1.51220483242562,0.5399179665734191
1.5170802710856839,0.4985177598286814
1.5219557097457477,0.5122855545419773
1.5268311484058115,0.477154136840717
1.5317065870658753,0.5046897262673088
1.5365820257259393,0.48981131932189764
1.541457464386003,0.4524415908143803
1.5463329030460669,0.48054672497539036
1.5512083417061306,0.4707125858944647
1.5560837803661944,0.43744168099229686
1.5609592190262582,0.39810512466859443
1.565834657686322,0.39946443810140325
1.5707100963463858,0.38963029902047763
1.5755855350064496,0.4349983340816513
1.5804609736665134,0.4306944743719106
1.5853364123265772,0.42282716310717006
1.590211850986641,0.33950846390937395
1.5950872896467048,0.3375416360931888
1.5999627283067686,0.3767870652593844
1.6048381669668323,0.3453178202004224
1.6097136056268961,0.3152781324248464
1.61458904428696,0.34281372185143816
1.619464482947024,0.2859617664619785
1.6243399216070877,0.2839949386457934
1.6292153602671515,0.27979929243559254
1.6340907989272153,0.303401226229814
1.638966237587279,0.24815728547385613
1.643841676247343,0.23832314639293053
1.6487171149074067,0.2763193741083054
1.6535925535674705,0.2330491621522327
1.6584679922275343,0.28851712383706063
1.663343430887598,0.27868298475613507
1.6682188695476619,0.1891524509883024
1.6730943082077256,0.17931831190737682
1.6779697468677894,0.1846644384811001
1.6828451855278532,0.17483029940017444
1.687720624187917,0.192017261002418
1.6925960628479808,0.14874704904634525
1.6974715015080446,0.1424251024943214
1.7023469401681086,0.12472365214865443
1.7072223788281724,0.1860427367383881
1.7120978174882362,0.18407590892220294
1.7169732561483,0.13570257614575576
1.7218486948083638,0.16459178355781257
1.7267241334684276,0.15672447229307207
1.7315995721284914,0.12988182896002035
1.7364750107885552,0.12201451769527986
1.741350449448619,0.11671965014765218
1.7462258881086827,0.06558212692683893
1.7511013267687465,0.08437330619768925
1.7559767654288103,0.039136266425431374
1.760852204088874,0.06180414685521022
1.765727642748938,0.026401246163877942
1.7706030814090017,0.06694333884209638
1.7754785200690655,0.05907602757735591
1.7803539587291293,0.03507351398659464
1.7852293973891933,0.02523937490566859
1.790104836049257,0.03058550147939191
1.7949802747093209,0.02075136239846631
1.7998557133693847,-0.03265294886532341
1.8047311520294484,-0.009051015071101974
1.8096065906895122,-0.08675969863489628
1.814482029349576,-0.08872652645108134
1.8193574680096398,-0.09522123490587824
1.8242329066697036,-0.10308854617061883
1.8291083453297674,-0.12119247479527247
1.8339837839898312,-0.12315930261145754
1.838859222649895,-0.10904788257506337
1.8437346613099588,-0.09331326004558241
1.8486100999700226,-0.13439452173904776
1.8534855386300864,-0.1753087169770843
1.8583609772901502,-0.15170678318286274
1.863236415950214,-0.1916793311266641
1.868111854610278,-0.16021008606770062
1.8729872932703417,-0.13622086185407725
1.8778627319304055,-0.14408817311881772
1.8827381705904693,-0.2136030064368043
1.8876136092505331,-0.19590155609113816
1.892489047910597,-0.22872631761801163
1.8973644865706607,-0.20315755600760502
1.9022399252307245,-0.27150102565514284
1.9071153638907883,-0.2813351647360687
1.911990802550852,-0.2639203852400577
1.9168662412109159,-0.24818576271057657
1.9217416798709797,-0.29992510486742496
1.9266171185310434,-0.3176265552130911
1.9314925571911072,-0.316352673490446
1.936367995851171,-0.3340541238361121
1.9412434345112348,-0.28028150697739773
1.9461188731712986,-0.2822483347935828
1.9509943118313626,-0.3252546576893788
1.9558697504914264,-0.3665580418292663
1.9607451891514902,-0.3559796976286992
1.965620627811554,-0.3343445916506628
1.9704960664716178,-0.3582502826365734
1.9753715051316816,-0.336615176658537
1.9802469437917454,-0.356740989090371
1.9851223824518092,-0.4272259469393144
1.989997821111873,-0.4350932582040549
1.9948732597719367,-0.3824483399194856
1.9997486984320005,-0.3922824790004113
2.004624137092064,-0.3924951090345924
2.009499575752128,-0.4337984931744819
2.0143750144121917,-0.4271310228169105
2.0192504530722557,-0.458600267875874
2.0241258917323193,-0.42564830802497994
2.0290013303923833,-0.4335156192897209
2.0338767690524473,-0.4990721167035136
2.038752207712511,-0.5089062557844387
2.043627646372575,-0.528322035780699
2.0485030850326384,-0.5342225192292541
2.0533785236927025,-0.5179677125090053
2.058253962352766,-0.4963326065309699
2.06312940101283,-0.544187653599095
2.0680048396728936,-0.5245193754372447
2.0728802783329576,-0.5724750420751173
2.077755716993021,-0.5744418698913023
2.082631155653085,-0.5527099413084156
2.0875065943131488,-0.584179186367376
2.092382032973213,-0.6012959041190424
2.0972574716332764,-0.6150636988323378
2.1021329102933404,-0.5591154210881532
2.107008348953404,-0.5669827323528933
2.111883787613468,-0.6337504615685452
2.1167592262735315,-0.6358482846736457
2.1216346649335955,-0.6437155959383866
2.1265101035936596,-0.6122064827480161
2.131385542253723,-0.6456425556231618
2.136260980913787,-0.6603140279817327
2.1411364195738507,-0.6485130610846224
2.1460118582339147,-0.645441316483669
2.1508872968939783,-0.6710100780940744
2.1557627355540423,-0.685216422252872
2.160638174214106,-0.6734154553557619
2.16551361287417,-0.6679079577739533
2.1703890515342334,-0.7033108584652839
2.1752644901942975,-0.6829572281396862
2.180139928854361,-0.7124596453824618
2.185015367514425,-0.739154207084567
2.1898908061744886,-0.741121034900752
2.1947662448345526,-0.7567778196498628
2.199641683494616,-0.7626783030984178
2.20451712215468,-0.729726343247525
2.209392560814744,-0.7631624161226751
2.214267999474808,-0.7281847754997044
2.219143438134872,-0.7301516033158896
2.2240188767949354,-0.7852493609233461
2.2288943154549994,-0.7872161887395314
2.233769754115063,-0.8001866208246441
2.238645192775127,-0.8060871042731996
2.2435206314351905,-0.7664467907578079
2.2483960700952546,-0.7725010512846572
2.253271508755318,-0.7961029850788777
2.258146947415382,-0.8258939716537589
2.2630223860754457,-0.8317944551023141
2.2678978247355097,-0.795391054160858
2.2727732633955733,-0.8229266435874485
2.2776487020556373,-0.8043879624821902
2.282524140715701,-0.8122552737469304
2.287399579375765,-0.8517873737627821
2.2922750180358284,-0.838019579049487
2.2971504566958925,-0.8607823836016675
2.302025895355956,-0.8430809332560022
2.30690133401602,-0.873513606898326
2.3117767726760836,-0.8794140903468811
2.3166522113361476,-0.8580694521833975
2.321527649996211,-0.8777377303452479
2.326403088656275,-0.8697147435197676
2.331278527316339,-0.8874161938654346
2.336153965976403,-0.8810828564187217
2.341029404636467,-0.8968174789482035
2.3459048432965304,-0.8911846815248231
2.3507802819565944,-0.90888613187049
2.355655720616658,-0.9112307576938374
2.360531159276722,-0.9141809994181153
2.3654065979367855,-0.9171312411423929
2.3702820365968496,-0.9200814828666707
2.375157475256913,-0.8991943789731677
2.380032913916977,-0.9050948624217234
2.3849083525770407,-0.9319280133425343
2.3897837912371047,-0.909047502878574
2.3946592298971683,-0.9110143306947591
2.3995346685572323,-0.9151226467123506
2.404410107217296,-0.9328240970580159
2.40928554587736,-0.9448376939893098
2.414160984537424,-0.9350035549083837
2.4190364231974875,-0.952279745185686
2.4239118618575515,-0.9444124339209451
2.428787300517615,-0.9544592030360532
2.433662739177679,-0.9544592030360532
2.4385381778377426,-0.9555552602360636
2.4434136164978066,-0.9581776973243106
2.44828905515787,-0.9608001344125573
2.453164493817934,-0.9634225715008042
2.458039932477998,-0.966045008589051
2.462915371138062,-0.9686674456772979
2.4677908097981254,-0.9496541439600255
2.4726662484581894,-0.9540795065464421
2.477541687118253,-0.9585048691328585
2.482417125778317,-0.9629302317192752
2.4872925644383805,-0.9673555943056915
2.4921680030984446,-0.9717809568921082
2.4970434417585086,-0.9762063194785249
2.501918880418572,-0.9806316820649412
2.506794319078636,-0.9658444022770398
2.5116697577386997,-0.9658444022770398
2.5165451963987637,-0.9790939112820167
2.5214206350588273,-0.9771270834658317
2.5262960737188913,-0.9751602556496465
2.531171512378955,-0.9731934278334615
2.536046951039019,-0.9712266000172762
2.5409223896990825,-0.9700191651803131
2.5457978283591465,-0.9719859929964982
2.55067326701921,-0.9739528208126833
2.555548705679274,-0.9759196486288685
2.5604241443393376,-0.9778864764450534
2.5652995829994016,-0.9798533042612386
2.570175021659465,-0.9794337396402188
2.575050460319529,-0.9755000840078485
2.5799258989795932,-0.971566428375478
2.584801337639657,-0.967632772743108
2.589676776299721,-0.9653080809854643
2.5945522149597844,-0.9643246670773717
2.5994276536198484,-0.9633412531692792
2.604303092279912,-0.9623578392611867
2.609178530939976,-0.9718303174357578
2.6140539696000396,-0.9639630061710173
2.6189294082601036,-0.9665145665812037
2.623804846920167,-0.9724150500297587
2.628680285580231,-0.971807535646381
2.6335557242402947,-0.969840707830196
2.6384311629003587,-0.9495174532237658
2.6433066015604223,-0.9524676949480433
2.6481820402204863,-0.9554179366723211
2.65305747888055,-0.9580834060293905
2.657932917540614,-0.9536580434429738
2.662808356200678,-0.949232680856557
2.6676837948607415,-0.9448073182701406
2.6725592335208055,-0.940381955683724
2.677434672180869,-0.9359565930973076
2.682310110840933,-0.9315312305108908
2.6871855495009966,-0.9271058679244745
2.6920609881610607,-0.9250441159858868
2.696936426821124,-0.9279943577101644
2.7018118654811882,-0.9309445994344422
2.706687304141252,-0.9338948411587198
2.711562742801316,-0.9276051688083127
2.7164381814613794,-0.9187544436354801
2.7213136201214434,-0.9099037184626466
2.726189058781507,-0.9010529932898139
2.731064497441571,-0.9022718190214654
2.7359399361016346,-0.9101391302862055
2.7408153747616986,-0.8965592853352673
2.7456908134217626,-0.9063934244161934
2.750566252081826,-0.8756342117928035
2.75544169074189,-0.8717005561604331
2.7603171294019537,-0.8693673212317735
2.7651925680620177,-0.8674004934155882
2.7700680067220813,-0.8919991304950389
2.7749434453821453,-0.8900323026788536
2.779818884042209,-0.8520322779985818
2.784694322702273,-0.8784591536755095
2.7895697613623365,-0.8745254980431394
2.7944452000224005,-0.8741989590620737
2.799320638682464,-0.8682984756135186
2.804196077342528,-0.8627245311460285
2.8090715160025916,-0.8587908755136583
2.8139469546626557,-0.8577220298954031
2.818822393322719,-0.849854718630663
2.8236978319827832,-0.8020528290710821
2.8285732706428472,-0.8000860012548968
2.833448709302911,-0.8383802907146174
2.838324147962975,-0.8324798072660617
2.8431995866230384,-0.8189891909901822
2.8480750252831024,-0.8130887075416265
2.852950463943166,-0.8147783569203959
2.85782590260323,-0.8088778734718401
2.8627013412632936,-0.7902385727968358
2.8675767799233576,-0.7627029833702429
2.872452218583421,-0.7861796173228931
2.877327657243485,-0.7842127895067078
2.8822030959035487,-0.7635876761910381
2.8870785345636127,-0.736052086764445
2.8919539732236763,-0.7675744893319528
2.8968294118837403,-0.7616740058833973
2.901704850543804,-0.7328645347341592
2.906580289203868,-0.7485991572636409
2.911455727863932,-0.7217603108954852
2.9163311665239955,-0.7302313395787086
2.9212066051840595,-0.7026957501521156
2.926082043844123,-0.7185196013566559
2.930957482504187,-0.7106522900919151
2.9358329211642507,-0.6988854958788708
2.9407083598243147,-0.6654494230037221
2.9455837984843782,-0.6482225932700703
2.9504592371444422,-0.636421626372959
2.955334675804506,-0.6832780716734083
2.96021011446457,-0.6773775882248526
2.9650855531246334,-0.6285827923449382
2.9699609917846974,-0.6403837592420495
2.974836430444761,-0.615088379104162
2.979711869104825,-0.6288561738174586
2.9845873077648886,-0.6008782379804692
2.9894627464249526,-0.6146460326937657
2.9943381850850166,-0.5893316677313989
2.99921362374508,-0.6011326346285092
3.004089062405144,-0.5900265123073861
3.0089645010652077,-0.5487231281674985
3.0138399397252718,-0.5409127713761993
3.0187153783853353,-0.5251781488467191
3.0235908170453993,-0.5388415270253739
3.028466255705463,-0.5604766330034093
3.033341694365527,-0.5298275323620073
3.0382171330255905,-0.5435953270753026
3.0430925716856545,-0.48036826762527335
3.047968010345718,-0.4725009563605331
3.052843449005782,-0.521559641300726
3.0577188876658457,-0.45919259439966653
3.0625943263259097,-0.4867281838262596
3.0674697649859732,-0.4976843260339848
3.0723452036460372,-0.4878501869530588
3.0772206423061013,-0.4316513095257296
3.082096080966165,-0.41788351481243435
3.086971519626229,-0.47187635563512204
3.0918469582862924,-0.4561417331056418
3.0967223969463564,-0.38830515827173534
3.10159783560642,-0.3863383304555503
3.106473274266484,-0.3829191635666041
3.1113487129265476,-0.4045542695446395
3.1162241515866116,-0.40375310995155816
3.121099590246675,-0.35654924236311736
3.125975028906739,-0.40292537160420766
3.1308504675668027,-0.3871907490747273
3.1357259062268668,-0.32585078117806504
3.1406013448869303,-0.31601664209714
3.1454767835469943,-0.3610467472825597
3.150352222207058,-0.35907991946637463
3.155227660867122,-0.3373707726728639
3.160103099527186,-0.32950346140812303
3.1649785381872495,-0.2836683996647281
3.1698539768473135,-0.3072703334589508
3.174729415507377,-0.2795316064104159
3.179604854167441,-0.2303609110057856
3.1844802928275047,-0.2276650659295493
3.1893557314875687,-0.2842550307411757
3.1942311701476322,-0.2429516466012899
3.1991066088076963,-0.19140405117169587
3.20398204746776,-0.1894372233555109
3.208857486127824,-0.2356500831060691
3.2137329247878874,-0.22778277184132886
3.2186083634479514,-0.21977307439298338
3.223483802108015,-0.16863555117217247
3.228359240768079,-0.19592813484541124
3.2332346794281426,-0.18609399576448604
3.2381101180882066,-0.1405437063882984
3.2429855567482706,-0.16414564018252104
3.247860995408334,-0.09207544948945066
3.252736434068398,-0.08224131040852467
3.2576118727284618,-0.09181725587651472
3.2624873113885258,-0.11738601748692251
3.2673627500485893,-0.08982384930605652
3.2722381887086534,-0.1153926109164643
3.277113627368717,-0.10680387632146254
3.281989066028781,-0.10483704850527739
3.2868645046888445,-0.09689379794261506
3.2917399433489085,-0.08705965886168895
3.296615382008972,-0.03265674583022281
3.301490820669036,0.01258029394203719
3.3063662593290997,-0.005948894750979379
3.3112416979891637,-0.03151765636138716
3.3161171366492272,0.036151852017089176
3.3209925753092913,-0.0155267387014198
3.3258680139693553,0.0218429898060993
3.330743452629419,-0.007336685420510523
3.335618891289483,0.04576766561649019
3.3404943299495464,0.011281731947567389
3.3453697686096104,0.021115871028493438
3.350245207269674,0.04139546053861624
3.355120645929738,0.09253298375943181
3.3599960845898016,0.06516256230582045
3.3648715232498656,0.07302987357056129
3.369746961909929,0.06951198559431472
3.374622400569993,0.07737929685905555
3.3794978392300568,0.14259976287954326
3.3843732778901208,0.12686514035006152
3.3892487165501843,0.18511248033884103
3.3941241552102484,0.18707930815502624
3.398999593870312,0.16210287306840918
3.403875032530376,0.2073399128406691
3.40875047119044,0.16281100702153758
3.4136259098505035,0.17067831828627808
3.4185013485105675,0.19797849588931513
3.423376787170631,0.247149191293941
3.428252225830695,0.26419756367747516
3.4331276644907587,0.2740317027584004
3.4380031031508227,0.2472649987232735
3.4428785418108863,0.2885683828631592
3.4477539804709503,0.26018986722962795
3.452629419131014,0.29345697516689995
3.457504857791078,0.26985504137267735
3.4623802964511414,0.3146421408047479
3.4672557351112054,0.33037676333422955
3.472131173771269,0.2883804331008009
3.477006612431333,0.3218165059759496
3.4818820510913966,0.3101826055342659
3.4867574897514606,0.3455855062255998
3.4916329284115246,0.33287136927097627
3.496508367071588,0.372207925594677
3.501383805731652,0.34857941304618384
3.5062592443917158,0.38201548592132945
3.51113468305178,0.36991076183253124
3.5160101217118434,0.40334683470767685
3.5208855603719074,0.4194630522092154
3.525760999031971,0.39782794623118
3.530636437692035,0.4438452622895896
3.5355118763520985,0.4595798848190698
3.5403873150121625,0.4188365530013599
3.545262753672226,0.4581731093250606
3.55013819233229,0.44620507597252235
3.5550136309923537,0.477674321031483
3.5598890696524177,0.46992091871362723
3.5647645083124813,0.5092574750373279
3.5696399469725453,0.5211040055131931
3.5745153856326093,0.5289713167779341
3.579390824292673,0.4685274325967539
3.584266262952737,0.5446205075972522
3.5891417016128004,0.5465873354134372
3.5940171402728645,0.5604405618368961
3.598892578932928,0.5683078731016362
3.603768017592992,0.511659055334119
3.6086434562530556,0.5195263665988591
3.6135188949131196,0.5856903783960286
3.618394333573183,0.5660221002341782
3.623269772233247,0.5431283003930809
3.6281452108933108,0.5509956116578211
3.633020649553375,0.6195839855411578
3.6378960882134384,0.627451296805898
3.6427715268735024,0.5883577462355469
3.647646965533566,0.6276943025592475
3.65252240419363,0.6063097962643561
3.657397842853694,0.6456463525880604
3.6622732815137575,0.6428935530383789
3.6671487201738215,0.6291257583250823
3.672024158833885,0.6736888368282811
3.676899597493949,0.6854898037253924
3.6817750361540127,0.6670707270143615
3.6866504748140767,0.6474024488525094
3.6915259134741403,0.7019173723484129
3.6964013521342043,0.7137183392455242
3.701276790794268,0.691819344207207
3.706152229454332,0.7173881058176149
3.7110276681143954,0.6885349695720722
3.7159031067744595,0.6850170815958264
3.720778545434523,0.6928843928605666
3.725653984094587,0.7496661043994483
3.7305294227546506,0.7516329322156333
3.7354048614147146,0.7154820294397668
3.7402803000747786,0.7430176188663598
3.745155738734842,0.7681193537945448
3.750031177394906,0.7484510756326926
3.75490661605497,0.7716410387356871
3.759782054715034,0.7559064162062055
3.7646574933750974,0.790255659138867
3.7695329320351614,0.7981229704036079
3.774408370695225,0.7696172564460584
3.779283809355289,0.7991196736888366
3.7841592480153525,0.805293538609913
3.7890346866754165,0.7875920882642462
3.79391012533548,0.7946031839449132
3.798785563995544,0.8005036673934689
3.8036610026556077,0.8367646821513219
3.8085364413156717,0.8426651655998776
3.8134118799757353,0.8120027755813387
3.8182873186357993,0.81987008684608
3.8231627572958633,0.8186208853952598
3.828038195955927,0.824521368843815
3.832913634615991,0.8495927280528299
3.8377890732760545,0.8377917611557196
3.8426645119361185,0.8508647112930299
3.847539950596182,0.8744666450872502
3.852415389256246,0.8483758008036282
3.8572908279163096,0.882808576964004
3.8621662665763736,0.8906758882287449
3.867041705236437,0.8957657196719799
3.871917143896501,0.8819979249586835
3.876792582556565,0.90250153539768
3.881668021216629,0.9084020188462356
3.8865434598766924,0.9030046332464144
3.8914188985367564,0.8951373219816736
3.89629433719682,0.893284403112372
3.901169775856884,0.9031185421932981
3.906045214516948,0.9129526812742242
3.9109206531770115,0.9227868203551494
3.9157960918370756,0.9032191617630451
3.920671530497139,0.9071528173954151
3.925546969157203,0.9110864730277856
3.9304224078172667,0.9150201286601556
3.9352978464773307,0.9238442750787166
3.9401732851373943,0.9356452419758268
3.9450487237974583,0.9379177254661486
3.949924162457522,0.9359508976499635
3.954799601117586,0.9339840698337782
3.9596750397776495,0.9320172420175932
3.9645504784377135,0.9531217221513983
3.969425917097777,0.956071963875676
3.974301355757841,0.9590222055999538
3.9791767944179046,0.9619724473242313
3.9840522330779686,0.9543870607030269
3.988927671738032,0.9621366660559881
3.993803110398096,0.9641034938721733
3.9986785490581602,0.9515678142676656
4.003553987718224,0.9594351255324057
4.008429426378288,0.9506641366223909
4.013304865038352,0.9506641366223909
4.018180303698416,0.9643351087308347
4.023055742358479,0.9584346252822805
4.027931181018543,0.9547800465697744
4.032806619678607,0.9557634604778671
4.037682058338671,0.9567468743859597
4.042557496998734,0.9577302882940522
4.047432935658798,0.968261170433414
4.052308374318862,0.9653109287091362
4.057183812978926,0.9623606869848583
4.062059251638989,0.9594104452605811
4.066934690299053,0.9594503133919902
4.071810128959117,0.9614171412081755
4.076685567619181,0.9747691682653473
4.081561006279245,0.9767359960815325
4.0864364449393085,0.9713367119992632
4.0913118835993725,0.9634694007345219
4.0961873222594365,0.9604375242649784
4.1010627609195005,0.9584706964487932
4.105938199579564,0.9565038686326084
4.110813638239628,0.9545370408164232
4.115689076899692,0.9734345351043643
4.120564515559756,0.9731307779126744
4.125439954219819,0.9632966388317498
4.130315392879883,0.9545256499217352
4.135190831539947,0.9551812591937968
4.140066270200011,0.9558368684658586
4.144941708860074,0.9564924777379202
4.149817147520138,0.9571480870099819
4.154692586180202,0.9578036962820436
4.159568024840266,0.9487143951482387
4.16444346350033,0.9546148785967947
4.169318902160393,0.9559931768540814
4.174194340820457,0.9500926934055258
4.179069779480521,0.9441922099569703
4.183945218140585,0.9382917265084147
4.188820656800648,0.9323912430598602
4.193696095460712,0.9264907596113047
4.198571534120776,0.9264376021027593
4.20344697278084,0.9303712577351297
4.2083224114409035,0.9343049133674994
4.2131978501009675,0.9382385689998699
4.2180732887610315,0.9277057883780591
4.2229487274210955,0.9119711658485766
4.227824166081159,0.9168445702927362
4.232699604741223,0.9266787093736619
4.237575043401287,0.9158269837005782
4.242450482061351,0.9020591889872811
4.247325920721415,0.8957410394001547
4.252201359381479,0.8901139374241214
4.257076798041542,0.899948076505046
4.261952236701606,0.9073635489471469
4.26682767536167,0.8896620986014808
4.271703114021734,0.8766309150780339
4.276578552681797,0.8884318819751436
4.281453991341861,0.8934837437694162
4.286329430001925,0.87578229342375
4.291204868661989,0.8610234908725701
4.296080307322052,0.8531561796078303
4.300955745982116,0.8766954634812641
4.30583118464218,0.8511267018708576
4.310706623302244,0.8635086043970723
4.315582061962307,0.837939842786668
4.320457500622371,0.86795485029042
4.325332939282435,0.8620543668418646
4.330208377942499,0.8550109969595796
4.335083816602563,0.8471436856948383
4.3399592552626265,0.8114787944256756
4.3448346939226905,0.8075451387933054
4.3497101325827545,0.8349269511416042
4.3545855712428185,0.827059639876863
4.359461009902882,0.7897126931587235
4.364336448562946,0.7877458653425384
4.36921188722301,0.7936748260278126
4.374087325883074,0.770072892233589
4.378962764543137,0.8009441153214178
4.383838203203201,0.8064136432542648
4.388713641863265,0.7965795041733382
4.393589080523329,0.741496934425466
4.398464519183392,0.7355964509769117
4.403339957843456,0.7723890408202209
4.40821539650352,0.7468202792098119
4.413090835163584,0.7604874543533623
4.417966273823648,0.758520626537177
4.422841712483711,0.7087651985385469
4.427717151143775,0.6989310594576214
4.432592589803839,0.7352224499346403
4.437468028463903,0.7057200326918606
4.442343467123966,0.6938393295319398
4.44721890578403,0.7056402964290506
4.452094344444094,0.6767890586659584
4.456969783104158,0.6984241646439968
4.4618452217642215,0.6823288304493775
4.4667206604242855,0.6508595853904156
4.4715960990843495,0.6686958279898929
4.4764715377444135,0.6431270663794839
4.481346976404477,0.6228949389305657
4.486222415064541,0.6209281111143806
4.491097853724605,0.6097688312847108
4.495973292384669,0.5960010365714137
4.500848731044733,0.6169868615522103
4.505724169704796,0.5815839608608845
4.51059960836486,0.6052694278828169
4.515475047024924,0.5639660437429255
4.520350485684988,0.5930223176104109
4.525225924345051,0.5993651474693696
4.530101363005115,0.5639622467780341
4.534976801665179,0.5816902758779703
4.539852240325243,0.5462873751866382
4.544727678985306,0.5266342848843775
4.54960311764537,0.5128664901710803
4.554478556305434,0.5195852195547521
4.559353994965498,0.5392534977166034
4.564229433625561,0.5037689622800016
4.569104872285625,0.5175367569932987
4.573980310945689,0.5223664963411486
4.578855749605753,0.5144991850764081
4.583731188265817,0.4952181973339555
4.5886066269258805,0.4637489522749963
4.5934820655859445,0.44652212254134926
4.5983575042460085,0.46815722851938557
4.6032329429060725,0.4144415661341093
4.608108381566136,0.40657425486936954
4.6129838202262,0.4264950311968144
4.617859258886264,0.4422296537262954
4.622734697546328,0.41091798271052254
4.627610136206391,0.4246857774238172
4.632485574866455,0.4339048081915713
4.637361013526519,0.4240706691106456
4.642236452186583,0.38749640474885794
4.647111890846646,0.34815984842515896
4.65198732950671,0.3318784629506395
4.656862768166774,0.3293895524612414
4.661738206826838,0.3529914862554651
4.666613645486902,0.2976810986138225
4.671489084146965,0.2957142707976378
4.676364522807029,0.2785671773268037
4.681239961467093,0.2766003495106184
4.686115400127157,0.2731071418061956
4.69099083878722,0.2652398305414565
4.695866277447284,0.29505549738816106
4.700741716107348,0.2517852854320843
4.705617154767412,0.2857415424980038
4.7104925934274755,0.2837747146818191
4.7153680320875395,0.21792585097102704
4.7202434707476035,0.24152778476525072
4.7251189094076675,0.18254003662172485
4.729994348067731,0.17270589754080098
4.734869786727795,0.2069583178686107
4.739745225387859,0.1636881059125339
4.744620664047923,0.19275007522736182
4.749496102707987,0.15538034671984452
4.75437154136805,0.18953024899546536
4.759246980028114,0.18166293773072414
4.764122418688178,0.15121317774636273
4.768997857348242,0.10204248234173469
4.773873296008305,0.15250984125839
4.778748734668369,0.1426757021774635
4.783624173328433,0.13284156309653783
4.788499611988497,0.13705809261366528
4.79337505064856,0.09378788065759638
4.798250489308624,0.1142136533162176
4.803125927968688,0.06307613009540447
4.808001366628752,0.07817286252233921
4.812876805288815,0.036869478382455266
4.817752243948879,0.06152886690024041
4.822627682608943,0.02612596620890486
4.827503121269007,0.03378064743945929
4.832378559929071,-0.00948956451661339
4.8372539985891345,-0.01403832846214259
4.8421294372491985,0.003663121883525248
4.8470048759092625,0.004912323334333713
4.851880314569327,-0.03835788862173897
4.85675575322939,0.003268237534326225
4.861631191889454,-0.008532729362785589
4.866506630549518,-0.09623502453314162
4.871382069209582,-0.10803599143025243
4.876257507869645,-0.0586792447457151
4.881132946529709,-0.10391628451797712
4.886008385189773,-0.13238213034410973
4.890883823849837,-0.1343489581602949
4.8957592625099,-0.12065520426247138
4.900634701169964,-0.08918595920350643
4.905510139830028,-0.10229877747222792
4.910385578490092,-0.1042656052884131
4.915261017150156,-0.16064294006586805
4.920136455810219,-0.12369847162670738
4.925011894470283,-0.1413999219723735
4.929887333130347,-0.20468963134318285
4.934762771790411,-0.18108769754895923
4.939638210450474,-0.16382669513124856
4.944513649110538,-0.1795613176607295
4.949389087770602,-0.25449441988546184
4.954264526430666,-0.2308924860912381
4.9591399650907295,-0.26942978130431183
4.9640154037507935,-0.23796053624534988
4.9688908424108575,-0.24279217407565654
4.973766281070922,-0.278195074766992
4.978641719730985,-0.29915052402861586
4.983517158391049,-0.2676812789696539
4.988392597051113,-0.3057781262547761
4.993268035711177,-0.2841430202767377
4.998143474371241,-0.3450520326576986
5.003018913031304,-0.3607866551871767
5.007894351691368,-0.3081436353850559
5.012769790351432,-0.3179777744659825
5.017645229011496,-0.3571871324656601
5.022520667671559,-0.3394856821199972
5.027396106331623,-0.381607312194995
5.032271544991687,-0.3580053784007714
5.037146983651751,-0.3633534034569485
5.042022422311814,-0.37318754253787223
5.046897860971878,-0.412486129212617
5.051773299631942,-0.3892733843202503
5.056648738292006,-0.4305767684601379
5.061524176952069,-0.3964344601143066
5.066399615612133,-0.443638327702754
5.071275054272197,-0.4315924565698454
5.076150492932261,-0.46306170162880744
5.081025931592325,-0.43245626608370713
5.0859013702523885,-0.440323577348447
5.0907768089124525,-0.5051168848181217
5.095652247572517,-0.5129841960828622
5.100527686232581,-0.5236764492303101
5.105403124892644,-0.5394110717597896
5.110278563552708,-0.5399654286346225
5.115154002212772,-0.5557000511641036
5.120029440872836,-0.5561158188202272
5.124904879532899,-0.5639831300849669
5.129780318192963,-0.5229436350053587
5.134655756853027,-0.5249104628215437
5.139531195513091,-0.5319196600197645
5.144406634173154,-0.5417537991006892
5.149282072833218,-0.5909187990579716
5.154157511493282,-0.5653500374475651
5.159032950153346,-0.623667621286926
5.16390838881341,-0.637435416000223
5.168783827473473,-0.611319891444773
5.173659266133537,-0.5916516132829217
5.178534704793601,-0.6323721633112609
5.183410143453665,-0.665808236186411
5.188285582113728,-0.648452309646284
5.193161020773792,-0.6689521231203837
5.198036459433856,-0.6551843284070864
5.20291189809392,-0.6474859820802299
5.2077873367539835,-0.6789552271391861
5.2126627754140475,-0.6562588694726872
5.217538214074112,-0.6641261807374284
5.222413652734176,-0.7197061528866905
5.227289091394239,-0.7216729807028753
5.232164530054303,-0.683933048117988
5.237039968714367,-0.6918003593827285
5.241915407374431,-0.7465487962197421
5.246790846034495,-0.7485156240359274
5.251666284694558,-0.71253178771549
5.256541723354622,-0.714498615531675
5.261417162014686,-0.7717872218841879
5.26629260067475,-0.7776877053327439
5.271168039334813,-0.7393744310485416
5.276043477994877,-0.7413412588647267
5.280918916654941,-0.7487984979206886
5.285794355315005,-0.7586326370016152
5.290669793975068,-0.7759885635417354
5.295545232635132,-0.8054909807845122
5.300420671295196,-0.7937431713959485
5.30529610995526,-0.8193119330063576
5.310171548615323,-0.8033532895480011
5.315046987275387,-0.8249883955260374
5.319922425935451,-0.8163218231506681
5.324797864595515,-0.7955600190987357
5.329673303255579,-0.8053941581796613
5.3345487419156425,-0.8451142079578692
5.339424180575707,-0.851014691406425
5.344299619235771,-0.8193404102430738
5.349175057895835,-0.8272077215078143
5.354050496555898,-0.8676871642652447
5.358925935215962,-0.86965399208143
5.363801373876026,-0.8387713780989178
5.36867681253609,-0.8446718615474731
5.373552251196153,-0.8776029380914363
5.378427689856217,-0.8658019711943244
5.383303128516281,-0.8927338432024371
5.388178567176345,-0.8986343266509925
5.393054005836408,-0.8938463539169962
5.397929444496472,-0.880078559203699
5.402804883156536,-0.8757974812833373
5.4076803218166,-0.8836647925480778
5.412555760476664,-0.8920181153195232
5.417431199136727,-0.9116863934813727
5.422306637796791,-0.9128805389411963
5.427182076456855,-0.9030463998602706
5.432057515116919,-0.914313893189482
5.436932953776982,-0.9300485157189615
5.441808392437046,-0.9068851313702395
5.44668383109711,-0.9088519591864246
5.451559269757174,-0.9297770327288865
5.4564347084172375,-0.9204118188126325
5.461310147077302,-0.9233620605369103
5.466185585737366,-0.926312302261188
5.47106102439743,-0.9292625439854658
5.475936463057493,-0.9330860876358488
5.480811901717557,-0.9409533989005897
5.485687340377621,-0.9488207101653305
5.490562779037685,-0.9566880214300715
5.495438217697749,-0.961892711061413
5.500313656357812,-0.9614010041073668
5.505189095017876,-0.9609092971533205
5.51006453367794,-0.9604175901992742
5.514939972338004,-0.9599258832452279
5.519815410998067,-0.9594341762911817
5.524690849658131,-0.9589424693371353
5.529566288318195,-0.958450762383089
5.534441726978259,-0.9617968376977875
5.539317165638322,-0.967697321146342
5.544192604298386,-0.9735978045948976
5.54906804295845,-0.9794982880434533
5.553943481618514,-0.9611703384899287
5.558818920278577,-0.9651039941222982
5.563694358938641,-0.9810246679316887
5.568569797598705,-0.9810246679316887
5.573445236258769,-0.9810246679316887
5.578320674918833,-0.9810246679316887
5.583196113578897,-0.9810246679316887
5.588071552238961,-0.9810246679316887
5.592946990899025,-0.9810246679316887
5.597822429559089,-0.9810246679316887
5.602697868219152,-0.9810246679316887
5.607573306879216,-0.9810246679316887
5.61244874553928,-0.9810246679316887
5.617324184199344,-0.9810246679316887
5.622199622859407,-0.9810246679316887
5.627075061519471,-0.9810246679316887
5.631950500179535,-0.9810246679316887
5.636825938839599,-0.9810246679316887
5.641701377499662,-0.9810246679316887
5.646576816159726,-0.9658444022770398
5.65145225481979,-0.9658444022770398
5.656327693479854,-0.9763267676427289
5.661203132139918,-0.9745784762505643
5.666078570799981,-0.9728301848583999
5.670954009460045,-0.9710818934662353
5.675829448120109,-0.9693336020740707
5.680704886780173,-0.9675853106819061
5.685580325440236,-0.9658370192897417
5.6904557641003,-0.9640887278975772
5.695331202760364,-0.9623404365054126
5.700206641420428,-0.9605921451132479
5.705082080080492,-0.9588438537210836
5.709957518740556,-0.957095562328919
5.71483295740062,-0.9553472709367543
5.719708396060684,-0.9535989795445897
5.724583834720747,-0.9518506881524255
5.729459273380811,-0.9501023967602608
5.734334712040875,-0.9483541053680962
5.739210150700939,-0.9309483963993375
5.744085589361003,-0.9260313268588745
5.748961028021066,-0.9211142573184123
5.75383646668113,-0.9161971877779493
5.758711905341194,-0.9109934473878298
5.763587344001258,-0.9050929639392739
5.768462782661321,-0.9070237205889489
5.773338221321385,-0.9227583431184297
5.778213659981449,-0.8996917813745602
5.783089098641513,-0.9134595760878573
5.787964537301576,-0.885158898234696
5.79283997596164,-0.8831920704185108
5.797715414621704,-0.8774301761886634
5.802590853281768,-0.8754633483724781
5.807466291941831,-0.9038570518655912
5.812341730601895,-0.901890224049406
5.817217169261959,-0.8779921269932891
5.822092607922023,-0.8878262660742156
5.8269680465820874,-0.8564956102339587
5.831843485242151,-0.8525619546015891
5.836718923902215,-0.8827838966921787
5.841594362562279,-0.8788502410598081
5.846469801222343,-0.8427354094504547
5.851345239882406,-0.8368349260019005
5.85622067854247,-0.8448958824763442
5.861096117202534,-0.8250339591047885
5.865971555862598,-0.8191334756562331
5.870846994522661,-0.8487573957756867
5.875722433182725,-0.825155461981463
5.880597871842789,-0.8382796711448657
5.885473310502853,-0.8087772539020889
5.890348749162916,-0.8183190266860187
5.89522418782298,-0.7927502650756098
5.900099626483044,-0.8127223004291485
5.904975065143108,-0.7871535388187418
5.909850503803172,-0.8061269724046067
5.914725942463235,-0.796292833323682
5.919601381123299,-0.7523581525107903
5.924476819783363,-0.7503913246946051
5.929352258443427,-0.7830718015554254
5.93422769710349,-0.7752044902906856
5.939103135763554,-0.7455786716887868
5.943978574423618,-0.7573796385858975
5.9488540130836824,-0.7595325176819906
5.953729451743746,-0.7575656898658056
5.95860489040381,-0.7275051187833017
5.963480329063874,-0.7432397413127828
5.968355767723938,-0.7149637437314444
5.973231206384001,-0.687428154304855
5.978106645044065,-0.6996372949282976
5.982982083704129,-0.6740685333178911
5.987857522364193,-0.6854309507695057
5.992732961024257,-0.7057959719897817
5.99760839968432,-0.6684262434822713
6.002483838344384,-0.6425347398556962
6.007359277004448,-0.6366342564071402
6.012234715664512,-0.6239277133823118
6.017110154324575,-0.6416291637279763
6.021985592984639,-0.614617555457044
6.026861031644703,-0.6067502441923035
6.031736470304767,-0.6406286634778474
6.03661190896483,-0.6327613522131076
6.041487347624894,-0.5741551990416458
6.046362786284958,-0.5721883712254607
6.051238224945022,-0.564605832327926
6.056113663605085,-0.5508380376146313
6.060989102265149,-0.5705177066711752
6.065864540925213,-0.5901859848330264
6.0707399795852774,-0.5632882855089713
6.0756154182453415,-0.5259185570014504
6.080490856905405,-0.565750617244105
6.085366295565469,-0.5578833059793644
6.090241734225533,-0.5208685936896368
6.095117172885597,-0.5346363884029339
6.09999261154566,-0.5391509796644037
6.104868050205724,-0.5234163571349228
6.109743488865788,-0.4639084248006332
6.114618927525852,-0.45014063008733607
6.119494366185915,-0.5027779544421155
6.124369804845979,-0.43182976687584984
6.129245243506043,-0.4593653563024442
6.134120682166107,-0.42607926354068687
6.13899612082617,-0.4182119522759478
6.143871559486234,-0.4555304217573676
6.148746998146298,-0.4456962826764411
6.153622436806362,-0.38884053032208354
6.158497875466426,-0.3731059077926026
6.163373314126489,-0.42189121126027673
6.168248752786553,-0.38255465493657054
6.173124191446617,-0.3524675050997953
6.177999630106681,-0.33673288257031436
6.182875068766744,-0.36989747245539056
6.187750507426808,-0.32859408831549913
6.1926259460868724,-0.337053726104043
6.1975013847469365,-0.36065565989826454
6.202376823407,-0.34629743714361894
6.207252262067064,-0.3384301258788777
6.212127700727128,-0.3419480138551236
6.217003139387192,-0.33408070259038314
6.221878578047255,-0.2640285987395972
6.226754016707319,-0.25419445965867066
6.231629455367383,-0.2746373186593232
6.236504894027447,-0.22743345107088017
6.241380332687511,-0.24732385167916354
6.246255771347574,-0.2630584742086431
6.251131210007638,-0.22367445582374024
6.256006648667702,-0.2597570132314726
6.260882087327766,-0.2518897019667314
6.265757525987829,-0.2396558810714603
6.270632964647893,-0.18655153003446195
6.275508403307957,-0.21825238995208707
6.280383841968021,-0.17301535017982494
6.285259280628084,-0.2026278794045965
6.290134719288148,-0.1849264290589304
6.295010157948212,-0.1593519720011766
6.299885596608276,-0.11608176004509983
6.304761035268339,-0.15250794277593965
6.309636473928403,-0.10923773081986696
6.3145119125884674,-0.12695247054266717
6.3193873512485315,-0.07581494732184921
6.3242627899085955,-0.09327908736150813
6.329138228568659,-0.050008875405443326
6.334013667228723,-0.09213430244533961
6.338889105888787,-0.0842669911805984
6.343764544548851,-0.06570932525085262
6.348639983208914,-0.02440594111097251
6.353515421868978,-0.03531272277504712
6.358390860529042,0.0020570057324737906
6.363266299189106,0.02244860570702843
6.368141737849169,0.024415433523213185
6.373017176509233,0.014761650274855702
6.377892615169297,0.059998690047117775
6.382768053829361,-0.0038396807511912223
6.387643492489424,0.07792226283919912
6.392518931149488,0.0877564019201257
6.397394369809552,0.09481495966199098
6.402269808469616,0.07121302586776952
6.40714524712968,0.05696871206002012
6.412020685789743,0.09433844056753411
6.416896124449807,0.07241096829249671
6.421771563109871,0.08224510737342322
6.426647001769935,0.08732164943953347
6.431522440429998,0.13255868921178304
6.4363978790900624,0.16119349997579024
6.4412733177501265,0.12972425491682535
6.4461487564101905,0.13141580277805193
6.451024195070254,0.1412499418589758
6.455899633730318,0.20340435872585438
6.460775072390382,0.21913898125533687
6.465650511050446,0.2122057233550304
6.470525949710509,0.18860378956081325
6.475401388370573,0.24104936718834
6.480276827030637,0.2587508175340078
6.485152265690701,0.22463129097756496
6.490027704350765,0.2600341916688972
6.494903143010828,0.25229787569306916
6.499778581670892,0.29556808764914594
6.504654020330956,0.3101465343677551
6.50952945899102,0.3199806734486807
6.514404897651083,0.28664522014328314
6.519280336311147,0.3358159155479158
6.524155774971211,0.33233789570307115
6.529031213631275,0.34034189770407197
6.533906652291338,0.35017603678499676
6.538782090951402,0.30957319266844086
6.543657529611466,0.3115400204846259
6.54853296827153,0.31516232499551655
6.553408406931593,0.3249964640764413
6.5582838455916574,0.3494584104196322
6.5631592842517215,0.3573257216843727
6.5680347229117855,0.36693773831888227
6.5729101615718495,0.41217477809114433
6.577785600231913,0.4173424473147373
6.582661038891977,0.40357465260144143
6.587536477552041,0.4611784070403335
6.592411916212105,0.4690457183050748
6.597287354872168,0.46031080056156903
6.602162793532232,0.43867569458353267
6.607038232192296,0.48624407080200677
6.61191367085236,0.5019786933314891
6.616789109512423,0.4400710791828558
6.621664548172487,0.44793839044759626
6.626539986832551,0.4626231521833025
6.631415425492615,0.4645899799994878
6.636290864152678,0.5436465861014003
6.641166302812742,0.5515138973661409
6.646041741472806,0.49826905862798776
6.65091718013287,0.5140036811574702
6.655792618792934,0.5377366102406118
6.660668057452997,0.582652806479141
6.665543496113061,0.5846196342953263
6.670418934773125,0.5448407315612269
6.675294373433189,0.546807559377412
6.6801698120932524,0.6040733839405464
6.6850452507533165,0.5785046223301374
6.6899206894133805,0.5708157684155245
6.6947961280734445,0.6121191525554119
6.699671566733508,0.596304793763106
6.704547005393572,0.6258072110058857
6.709422444053636,0.6352331763604732
6.7142978827137,0.6155648981986219
6.719173321373763,0.6604127490690315
6.724048760033827,0.6407444709071783
6.728924198693891,0.6280550142243816
6.733799637353955,0.6418228089376774
6.738675076014019,0.7000511641019762
6.743550514674082,0.705951647550531
6.748425953334146,0.6635965041344204
6.75330139199421,0.6655633319506055
6.758176830654274,0.7160629650688732
6.763052269314337,0.721963448517428
6.767927707974401,0.7116888615085557
6.772803146634465,0.7392244509351474
6.777678585294529,0.7014655335257778
6.782554023954592,0.7112996726067026
6.787429462614656,0.7342599193334799
6.79230490127472,0.7687515484497471
6.797180339934784,0.7746520318983031
6.8020557785948474,0.7383625399037281
6.8069312172549115,0.7403293677199132
6.8118066559149755,0.7815169444304688
6.8166820945750395,0.7697159775333569
6.8215575332351035,0.7976635376511738
6.826432971895167,0.7779952594893242
6.831308410555231,0.7678953328656758
6.836183849215295,0.7777294719466015
6.841059287875359,0.8224083578791298
6.845934726535422,0.8243751856953148
6.850810165195486,0.7993721718544329
6.85568560385555,0.8249409334648394
6.860561042515614,0.8169881904899362
6.865436481175677,0.8366564686517857
6.870311919835741,0.8386593676344788
6.875187358495805,0.8229247451049979
6.880062797155869,0.8256243871461361
6.884938235815932,0.8315248705946908
6.889813674475996,0.8430600499490766
6.89468911313606,0.866661983743298
6.899564551796124,0.8438232398931922
6.904439990456188,0.8477568955255628
6.909315429116251,0.8837976863194412
6.914190867776315,0.8896981697679965
6.919066306436379,0.8765246000609456
6.923941745096443,0.8975901613045618
6.9288171837565065,0.8995569891207466
6.9336926224165705,0.9043411648898445
6.9385680610766345,0.8964738536251032
6.9434434997366985,0.8818992038713905
6.948318938396762,0.9015674820332382
6.953194377056826,0.9174539831585625
6.95806981571689,0.9213876387909332
6.962945254376954,0.898450173853531
6.967820693037017,0.9014004155778083
6.972696131697081,0.9043506573020861
6.977571570357145,0.9073008990263639
6.982447009017209,0.9330215392326151
6.987322447677273,0.9359717809568929
6.992197886337336,0.9389220226811702
6.9970733249974,0.9418722644054481
7.001948763657464,0.9258471740614147
7.006824202317528,0.9287974157856925
7.011699640977591,0.9317476575099698
7.016575079637655,0.9346978992342476
7.021450518297719,0.9405338342795702
7.026325956957783,0.9474177316362183
7.031201395617846,0.9543016289928653
7.03607683427791,0.9611855263495136
7.040952272937974,0.9620493358633776
7.045827711598038,0.9620493358633776
7.0507031502581015,0.9620493358633776
7.0555785889181655,0.9506641366223909
7.0604540275782295,0.9506641366223909
7.0653294662382935,0.9515089613117768
7.0702049048983575,0.9613431003927033
7.075080343558421,0.9684092520643613
7.079955782218485,0.960541940799621
7.084831220878549,0.9683010385648224
7.089706659538613,0.9624005551162665
7.094582098198676,0.9582542694497154
7.09945753685874,0.9582542694497154
7.104332975518804,0.9734345351043643
7.109208414178868,0.9734345351043643
7.114083852838931,0.9734345351043643
7.118959291498995,0.9734345351043643
7.123834730159059,0.9719337847291765
7.128710168819123,0.9689835430048986
7.133585607479186,0.9660333012806214
7.13846104613925,0.9630830595563435
7.143336484799314,0.9639658538946895
7.148211923459378,0.9669160956189673
7.153087362119442,0.9698663373432451
7.157962800779505,0.9728165790675224
7.162838239439569,0.9644736979495447
7.167713678099633,0.972341009214286
7.172589116759697,0.9649673033860364
7.1774645554197605,0.9551331643051126
7.1823399940798245,0.9599553097231733
7.1872154327398885,0.9544705939307425
7.1920908713999525,0.9603710773792978
7.196966310060016,0.9657020160934358
7.20184174872008,0.9637351882772504
7.206717187380144,0.9468690702087287
7.211592626040208,0.9468690702087287
7.216468064700271,0.9569955755866549
7.221343503360335,0.951095092138099
7.226218942020399,0.9451946086895431
7.231094380680463,0.9392941252409872
7.235969819340527,0.9344387563800867
7.24084525800059,0.9314885146558094
7.245720696660654,0.9285382729315316
7.250596135320718,0.9255880312072536
7.255471573980782,0.9487162936306851
7.260347012640845,0.9447826379983154
7.265222451300909,0.940848982365945
7.270097889960973,0.9369153267335746
7.274973328621037,0.9298539212680319
7.2798487672811,0.9210031960952
7.284724205941164,0.9121524709223665
7.289599644601228,0.903301745749533
7.294475083261292,0.8960049284604347
7.2993505219213555,0.8940381006442497
7.3042259605814195,0.8920712728280645
7.3091013992414835,0.8901044450118792
7.3139768379015475,0.8825370939739311
7.3188522765616115,0.8786034383415608
7.323727715221675,0.8902221509236606
7.328603153881739,0.8744153860611508
7.333478592541803,0.8685149026125955
7.338354031201867,0.86261441916404
7.34322946986193,0.8567139357154853
7.348104908521994,0.851599424000425
7.352980347182058,0.8496325961842398
7.357855785842122,0.8453913863952884
7.362731224502185,0.8630928367409529
7.367606663162249,0.8316767491905339
7.372482101822313,0.8277430935581637
7.377357540482377,0.8378695989360926
7.38223297914244,0.8496705658332023
7.387108417802504,0.8216204876631885
7.391983856462568,0.8373551101926695
7.396859295122632,0.8373494147453222
7.401734733782696,0.8314489312967663
7.406610172442759,0.8036380619152097
7.411485611102823,0.8174058566285055
7.416361049762887,0.7823181040235484
7.421236488422951,0.7803512762073631
7.4261119270830145,0.7753810491583547
7.4309873657430785,0.7694805657097994
7.4358628044031425,0.7977356799842036
7.4407382430632065,0.7918351965356477
7.44561368172327,0.789492469194749
7.450489120383334,0.787525641378564
7.455364559043398,0.7573150901826655
7.460239997703462,0.774752651468042
7.465115436363525,0.7452502342252705
7.469990875023589,0.7608329781589067
7.474866313683653,0.7273969052837564
7.479741752343717,0.7432966957862159
7.484617191003781,0.7098606229110689
7.489492629663844,0.6834944986724859
7.494368068323908,0.6775940152239299
7.499243506983972,0.7158142638681704
7.504118945644036,0.6823781909930233
7.508994384304099,0.7130234946695356
7.513869822964163,0.7071230112209798
7.518745261624227,0.6806296886583665
7.523620700284291,0.6550609270479599
7.528496138944354,0.6276411450507035
7.533371577604418,0.6197738337859622
7.538247016264482,0.6322715437415142
7.543122454924546,0.6578403053519207
7.5479978935846095,0.6188929379300663
7.5528733322446735,0.6444616995404753
7.5577487709047375,0.62430171442457
7.5626242095648015,0.5888988137332378
7.5674996482248655,0.5952416435921875
7.572375086884929,0.5598387429008583
7.577250525544993,0.5775667720007972
7.582125964205057,0.542163871309465
7.587001402865121,0.5389459435600127
7.591876841525184,0.5784970284003474
7.596752280185248,0.570629717135607
7.601627718845312,0.5204129579020996
7.606503157505376,0.5066451631888025
7.611378596165439,0.5073779774137531
7.616254034825503,0.48967652706808695
7.621129473485567,0.48763375995397945
7.626004912145631,0.47189913742449696
7.630880350805694,0.4798898500483658
7.635755789465758,0.5034917838425895
7.640631228125822,0.45423185976290337
7.645506666785886,0.4758669657409397
7.65038210544595,0.48116752873589486
7.655257544106013,0.4418309724121959
7.660132982766077,0.42725632265848884
7.665008421426141,0.4567587399012657
7.669883860086205,0.4300831630236273
7.6747592987462685,0.39074660669992833
7.6796347374063325,0.433225151475168
7.6845101760663965,0.43125832365898287
7.6893856147264605,0.3827084320148755
7.694261053386524,0.41024402144146477
7.699136492046588,0.34593672547848625
7.704011930706652,0.33020210294900526
7.708887369366716,0.35864137002087876
7.713762808026779,0.3802764759989132
7.718638246686843,0.36069742651211617
7.723513685346907,0.36546641442162653
7.728389124006971,0.32416303028173504
7.733264562667034,0.27047394665074354
7.738140001327098,0.2606398075698179
7.743015439987162,0.32517681990900027
7.747890878647226,0.2819066079529235
7.75276631730729,0.2539989159665288
7.757641755967353,0.27760084976074595
7.762517194627417,0.22428766565445704
7.767392633287481,0.20658621530878926
7.772268071947545,0.22025339045234596
7.777143510607608,0.2359880129818241
7.782018949267672,0.25269655700715543
7.786894387927736,0.24482924574241421
7.7917698265878,0.15625934409329664
7.7966452652478635,0.14642520501237286
7.8015207039079275,0.21628746061835374
7.8063961425679915,0.20645332153742718
7.8112715812280555,0.11943448004837073
7.816147019888119,0.10763351315126218
7.821022458548183,0.1641437417000709
7.825897897208247,0.1523427748029591
7.830773335868311,0.09276649710054075
7.835648774528375,0.0829323580196151
7.840524213188438,0.13251692259792003
7.845399651848502,0.11678230006843754
7.850275090508566,0.04803635214191192
7.85515052916863,0.04356732445919082
7.860025967828693,0.027832701929711268
7.864901406488757,0.07513339212300084
7.869776845148821,0.03973049143166869
7.874652283808885,0.057390175163481494
7.879527722468948,0.047556036082556714
7.884403161129012,0.04567274149408079
7.889278599789076,0.0024025295380080552
7.89415403844914,-0.03462167516395292
7.899029477109203,-0.003152430104993699
7.903904915769267,-0.0016146593220720865
7.908780354429331,-0.01144879840299767
7.913655793089395,-0.006102671829274758
7.918531231749459,-0.015936810910201327
7.9234066704095225,-0.03703274787298795
7.9282821090695865,-0.03899957568917301
7.9331575477296505,-0.11330997567094966
7.9380329863897146,-0.1290445982004321
7.942908425049778,-0.09536931653682865
7.947783863709842,-0.1288053894119757
7.952659302369906,-0.13377371797852958
7.95753474102997,-0.10033764510337936
7.962410179690033,-0.1519270071468356
7.967285618350097,-0.12045776208787361
7.972161057010161,-0.19332341692667995
7.977036495670225,-0.1952902447428653
7.981911934330288,-0.180956702260048
7.986787372990352,-0.16522207973056696
7.991662811650416,-0.19840565444011984
7.99653825031048,-0.24724031845144157
8.001413688970544,-0.22560521247340523
8.006289127630607,-0.2685925505447222
8.01116456629067,-0.27645986180946197
8.016040004950735,-0.22059321881055333
8.020915443610798,-0.269763914215177
8.025790882270861,-0.23064188640809982
8.030666320930926,-0.24834333675377082
8.03554175959099,-0.2606379090873713
8.040417198251054,-0.2626047369035565
8.045292636911118,-0.28898794748417844
8.05016807557118,-0.32242402035932255
8.055043514231246,-0.3103192962705321
8.059918952891309,-0.3437553691456762
8.064794391551372,-0.3241117712556463
8.069669830211437,-0.37131563884410224
8.0745452688715,-0.34149237806759364
8.079420707531565,-0.38082893439129956
8.084296146191628,-0.36628845732163906
8.089171584851691,-0.4154591527262628
8.094047023511756,-0.35858061858253765
8.098922462171819,-0.36841475766346243
8.103797900831884,-0.42401941008454164
8.108673339491947,-0.40238430410650716
8.11354877815201,-0.40216408014253807
8.118424216812075,-0.4041309079587234
8.123299655472138,-0.4463303758140919
8.128175094132201,-0.4901321628556249
8.133050532792266,-0.4625965734290256
8.13792597145233,-0.5040727194716892
8.142801410112394,-0.48243761349364683
8.147676848772457,-0.46058038506920224
8.15255228743252,-0.49795011357670915
8.157427726092585,-0.535179354383073
8.162303164752648,-0.5135442484050385
8.167178603412713,-0.539397782382649
8.172054042072777,-0.5236631598531694
8.17692948073284,-0.5268374225063206
8.181804919392905,-0.5583066675652912
8.186680358052968,-0.5872642203454671
8.19155579671303,-0.5892310481616516
8.196431235373096,-0.5643628265745784
8.201306674033159,-0.5938652438173527
8.206182112693224,-0.5932767142584536
8.211057551353287,-0.5736084360966041
8.21593299001335,-0.5800898551742666
8.220808428673415,-0.5820566829904521
8.225683867333478,-0.6191017709993535
8.230559305993541,-0.6525378438744913
8.235434744653606,-0.60905879884914
8.24031018331367,-0.6228265935624346
8.245185621973732,-0.6463051259975273
8.250061060633797,-0.6836748545050549
8.25493649929386,-0.6869003761842971
8.259811937953925,-0.699506299639378
8.264687376613988,-0.6798380214775324
8.269562815274051,-0.7046056234948579
8.274438253934116,-0.7105061069434148
8.27931369259418,-0.6829477357274432
8.284189131254243,-0.7144169807864024
8.289064569914308,-0.7296598963618441
8.29394000857437,-0.7414608632589538
8.298815447234436,-0.7120799488928576
8.303690885894499,-0.7376487105032571
8.308566324554562,-0.7123476349180248
8.313441763214627,-0.7241486018151387
8.31831720187469,-0.732663295594663
8.323192640534755,-0.7621657128374479
8.328068079194818,-0.7374607607409022
8.332943517854881,-0.743361244189457
8.337818956514946,-0.797420531897828
8.342694395175009,-0.8013541875301972
8.347569833835072,-0.7883362933838884
8.352445272495137,-0.7726016708544032
8.3573207111552,-0.8009536077336604
8.362196149815265,-0.7832521573879896
8.367071588475328,-0.7846646283293452
8.371947027135391,-0.7905651117779
8.376822465795456,-0.8229608162715125
8.38169790445552,-0.8072261937420357
8.386573343115582,-0.8101365673348984
8.391448781775647,-0.852117709708744
8.39632422043571,-0.8580181931572989
8.401199659095775,-0.8297630788828958
8.406075097755838,-0.8356635623314506
8.410950536415902,-0.8652590052141832
8.415825975075967,-0.8534580383170715
8.42070141373603,-0.8758126691429237
8.425576852396095,-0.8640117022458096
8.430452291056158,-0.883167390146687
8.43532772971622,-0.8733332510657622
8.440203168376286,-0.8931249305867341
8.445078607036349,-0.8813239636896245
8.449954045696412,-0.8960884616881506
8.454829484356477,-0.8842874947910366
8.45970492301654,-0.9081590130928843
8.464580361676605,-0.9140594965414401
8.469455800336668,-0.9214540856766142
8.474331238996731,-0.9234209134927992
8.479206677656796,-0.8963162795819166
8.48408211631686,-0.9002499352142865
8.488957554976924,-0.9141772024532238
8.493832993636987,-0.9318786527988884
8.49870843229705,-0.9082558356977348
8.503583870957115,-0.9121894913301054
8.508459309617178,-0.9178279842008285
8.513334748277241,-0.9237284676493833
8.518210186937306,-0.927324668026613
8.52308562559737,-0.9307666167049365
8.527961064257434,-0.9342085653832612
8.532836502917498,-0.9376505140615847
8.53771194157756,-0.9410924627399083
8.542587380237626,-0.944534411418233
8.547462818897689,-0.9479763600965565
8.552338257557752,-0.9514183087748801
8.557213696217817,-0.9548602574532048
8.56208913487788,-0.9583022061315283
8.566964573537945,-0.9617441548098531
8.571840012198008,-0.9651861034881766
8.576715450858071,-0.9686280521665
8.581590889518136,-0.9720700008448249
8.586466328178199,-0.9755119495231483
8.591341766838264,-0.9757516329322153
8.596217205498327,-0.9728013912079378
8.60109264415839,-0.9698511494836604
8.605968082818455,-0.9669009077593819
8.610843521478518,-0.9734421290341566
8.615718960138581,-0.9675416455856027
8.620594398798646,-0.9803241279083564
8.62546983745871,-0.979340714000264
8.630345276118774,-0.9783573000921713
8.635220714778837,-0.9773738861840788
8.6400961534389,-0.9763904722759864
8.644971592098965,-0.9754070583678937
8.649847030759028,-0.9744236444598012
8.654722469419093,-0.9734402305517085
8.659597908079157,-0.972456816643616
8.66447334673922,-0.9714734027355236
8.669348785399285,-0.9704899888274308
8.674224224059348,-0.9695065749193383
8.67909966271941,-0.9685231610112459
8.683975101379476,-0.9675397471031532
8.688850540039539,-0.9665563331950607
8.693725978699604,-0.9658444022770398
8.698601417359667,-0.9658444022770398
8.70347685601973,-0.9803431127328374
8.708352294679795,-0.9783762849166517
8.713227733339858,-0.9760449484704403
8.718103171999921,-0.9732039749581732
8.722978610659986,-0.9703630014459051
8.72785404932005,-0.9675220279336382
8.732729487980114,-0.9646810544213701
8.737604926640177,-0.9618400809091031
8.74248036530024,-0.958999107396836
8.747355803960305,-0.9561581338845679
8.752231242620368,-0.953317160372301
8.757106681280433,-0.9504761868600329
8.761982119940496,-0.9476352133477659
8.76685755860056,-0.9447942398354988
8.771732997260624,-0.9419532663232307
8.776608435920688,-0.9391122928109638
8.78148387458075,-0.9362713192986967
8.786359313240816,-0.9334303457864287
8.791234751900879,-0.9305893722741616
8.796110190560944,-0.9275918794311755
8.800985629221007,-0.9216913959826217
8.80586106788107,-0.9157909125340677
8.810736506541135,-0.9098904290855109
8.815611945201198,-0.9051233396584442
8.820487383861263,-0.9051233396584442
8.825362822521326,-0.92704131952124
8.830238261181389,-0.9093398691755755
8.835113699841454,-0.9196486288685137
8.839989138501517,-0.9176818010523289
8.84486457716158,-0.9157149732361441
8.849740015821645,-0.9137481454199587
8.854615454481708,-0.884150804054777
8.859490893141773,-0.8959517709518909
8.864366331801836,-0.8801165288526618
8.8692417704619,-0.8899506679335866
8.874117209121964,-0.8706336090246286
8.878992647782027,-0.8824345759217382
8.88386808644209,-0.8638750115095484
8.888743525102155,-0.8756759784066602
8.893618963762218,-0.842172509404608
8.898494402422283,-0.8392222676803295
8.903369841082347,-0.836272025956052
8.90824527974241,-0.8333217842317746
8.913120718402475,-0.8616139189139159
8.917996157062538,-0.8596470910977309
8.922871595722603,-0.8273577016212115
8.927747034382666,-0.8478271393761406
8.932622473042729,-0.837993000295216
8.937497911702794,-0.7910587172143945
8.942373350362857,-0.7890918893982096
8.94724878902292,-0.817768466776085
8.952124227682985,-0.7961333607980426
8.956999666343048,-0.8087772539020933
8.961875105003113,-0.8028767704535373
8.966750543663176,-0.7716429372181336
8.97162598232324,-0.7814770762990584
8.976501420983304,-0.7525138280715302
8.981376859643367,-0.7407128611744206
8.986252298303432,-0.7511640070509668
8.991127736963495,-0.7629649739480764
8.996003175623558,-0.7729585855546371
9.000878614283623,-0.7670581021060813
9.005754052943686,-0.7222197436479127
9.01062949160375,-0.7399211939935774
9.015504930263814,-0.7196719802026258
9.020380368923878,-0.7373734305482904
9.025255807583942,-0.6791697556558148
9.030131246244006,-0.671302444391075
9.035006684904069,-0.7171640848887456
9.039882123564134,-0.7053631179916339
9.044757562224197,-0.6761910366948227
9.04963300088426,-0.6447217916358635
9.054508439544325,-0.6701785427818264
9.059383878204388,-0.628510650011912
9.064259316864453,-0.6462121003575829
9.069134755524516,-0.6725079807455898
9.074010194184579,-0.6607070138484824
9.078885632844644,-0.5998948240723785
9.083761071504707,-0.5900606849914537
9.088636510164772,0.7741565279792716
9.093511948824835,-0.05584481045077705
9.098387387484898,-0.6096606177851763
9.103262826144963,-0.5742577170938343
9.108138264805026,0.6665334564815406
9.11301370346509,-0.10839670309518312
9.117889142125154,-0.5361229001597575
9.122764580785217,-0.5341560723435725
9.127640019445282,-0.583009721179374
9.132515458105345,-0.5692419264660795
9.137390896765408,-0.5182031243325629
9.142266335425473,-0.5378714024944196
9.147141774085537,-0.5019084494809066
9.152017212745601,-0.5235435554589448
9.156892651405665,-0.4748474806663296
9.161768090065728,-0.4728806528501446
9.166643528725793,-0.5146130940232915
9.171518967385856,-0.5008452993099968
9.176394406045919,-0.43528310644886103
9.181269844705984,-0.4274157951841184
9.186145283366047,-0.4250958496325964
9.191020722026112,-0.42335873819262515
9.195896160686175,-0.44302701635447467
9.200771599346238,-0.40229317694900074
9.205647038006303,-0.42589511074322883
9.210522476666366,-0.43304479564260345
9.21539791532643,-0.42321065656167867
9.220273353986494,-0.35964187027100114
9.225148792646557,-0.3812769762490315
9.230024231306622,-0.3335624168820657
9.234899669966685,-0.32569510561732595
9.239775108626748,-0.3313905529614835
9.244650547286813,-0.36089297020426847
9.249525985946876,-0.37334701506350954
9.254401424606941,-0.3635128759825812
9.259276863267004,-0.28553650639361405
9.264152301927068,-0.2835696785774291
9.269027740587132,-0.32714364772519056
9.273903179247196,-0.32517681990900593
9.278778617907259,-0.2637950853984809
9.283654056567324,-0.28739701919270894
9.288529495227387,-0.24648282395467028
9.293404933887452,-0.27008475774889823
9.298280372547515,-0.2118981691984493
9.303155811207578,-0.19419671885278475
9.308031249867643,-0.25448302899077596
9.312906688527706,-0.25251620117459145
9.31778212718777,-0.2359690281573407
9.322657565847834,-0.21826757781167613
9.327533004507897,-0.18456951435869606
9.332408443167962,-0.21375678351509533
9.337283881828025,-0.20392264443417066
9.342159320488088,-0.18378923807254677
9.347034759148153,-0.18182241025636142
9.351910197808216,-0.1765750047699404
9.356785636468281,-0.1588735544242695
9.361661075128344,-0.10011172569206786
9.366536513788407,-0.1256804873024722
9.371411952448472,-0.12444647371123028
9.376287391108535,-0.07330895049042162
9.381162829768598,-0.08999091576149021
9.386038268428663,-0.04672070380541373
9.390913707088727,-0.08821963163745097
9.395789145748791,-0.08625280382126536
9.400664584408855,-0.023340892457613165
9.405540023068918,-0.054810137516572384
9.410415461728983,0.0043105043983106845
9.415290900389046,0.014144643479235462
9.42016633904911,0.006036224943588258
9.425041777709174,-0.009698397585888325
9.429917216369237,-0.005688802655599383
9.434792655029302,0.004145336425328862
9.439668093689365,0.07849560453851169
9.444543532349428,0.08832974361943641
9.449418971009493,0.056182740326526995
9.454294409669556,0.10732026354733566
9.459169848329621,0.06916266482387885
9.464045286989684,0.04786359023914115
9.468920725649747,0.055730901503880985
9.473796164309812,0.1463549611617954
9.478671602969875,0.14832178897798035
9.48354704162994,0.08389488862078345
9.488422480290003,0.09569585551789317
9.493297918950066,0.12514701373457043
9.498173357610131,0.16054991442590577
9.503048796270194,0.1492596393073128
9.507924234930258,0.19252985126338165
9.512799673590322,0.1934449198033547
9.517675112250386,0.16984298600913533
9.52255055091045,0.23812950118322956
9.527425989570514,0.2400963289994145
9.532301428230577,0.24636891500778757
9.537176866890642,0.256203054088714
9.542052305550705,0.2696822794699029
9.546927744210768,0.2854169019993825
9.551803182870833,0.26566698909226905
9.556678621530896,0.2518991943789744
9.56155406019096,0.28691480465089697
9.566429498851024,0.25741238740812267
9.571304937511087,0.30001623202493566
9.576180376171152,0.27051381478215625
9.581055814831215,0.3169127258126273
9.58593125349128,0.28741030856984234
9.590806692151343,0.33953314418119906
9.595682130811406,0.3652670737645888
9.600557569471471,0.3416651399703608
9.605433008131534,0.38249580198068717
9.610308446791597,0.3923299410616101
9.615183885451662,0.3414430175239411
9.620059324111725,0.3512771566048658
9.62493476277179,0.3799290537109186
9.629810201431853,0.4192656100346176
9.634685640091917,0.4389737563278776
9.639561078751981,0.45274155104117725
9.644436517412045,0.45260106334001793
9.64931195607211,0.4309659573619756
9.654187394732173,0.4239111965850112
9.659062833392236,0.4337453356659341
9.6639382720523,0.6088044022011114
9.668813710712364,0.8428569123271203
9.673689149372427,0.9473285029611597
9.678564588032492,0.9355275360640456
9.683440026692555,0.8024325255606836
9.68831546535262,0.5546122207212898
9.693190904012683,0.4836089771641046
9.698066342672746,0.4934431162450275
9.702941781332811,0.7049777260546857
9.707817219992874,0.9527980308939892
9.712692658652937,0.7201921643933565
9.717568097313002,0.9483441910708937
9.722443535973065,0.7801215598311533
9.72731897463313,0.590558087392847
9.732194413293193,0.6062927099223236
9.737069851953256,0.5706221232058069
9.741945290613321,0.6040581960809631
9.746820729273384,0.9636630459442417
9.75169616793345,0.7473119861638184
9.756571606593512,0.9895526510883529
9.761447045253576,0.9934863067207228
9.76632248391364,0.6523992546558295
9.771197922573704,0.8294137581124416
9.776073361233767,0.6181259510210475
9.780948799893832,0.6318937457343472
9.785824238553895,0.6536237758347834
9.79069967721396,0.6850930208937541
9.795575115874023,0.7333125765919155
9.800450554534086,0.9063934244161909
9.80532599319415,0.8602716918231214
9.810201431854214,0.72652740032257
9.815076870514279,0.9380847919215778
9.819952309174342,0.9420184475539477
9.824827747834405,0.8005283476652771
9.82970318649447,0.9480404338792021
9.834578625154533,0.7511032556126261
9.839454063814596,0.7530700834288111
9.844329502474661,0.8580846400429715
9.849204941134724,0.7302408319909739
9.85408037979479,0.8687465174712652
9.858955818454852,0.7419620626252404
9.863831257114915,0.7439288904414254
9.86870669577498,0.9282164801565745
9.873582134435043,0.8416760562444368
9.878457573095107,0.8131380680852692
9.883333011755171,0.9055789754459781
9.888208450415235,0.9177900145518861
9.8930838890753,0.8391169019044595
9.897959327735363,0.8195796190315269
9.902834766395426,0.8254801024800817
9.90771020505549,0.8029811869881837
9.912585643715554,0.8246162929662182
9.917461082375619,0.8052308886891276
9.922336521035682,0.8111313721376813
9.927211959695745,0.8626884599794936
9.93208739835581,0.9511957117078486
9.936962837015873,0.8917599217065805
9.941838275675936,0.9409306171112042
9.946713714336001,0.8989931398336787
9.951589152996064,0.9422633517897476
9.956464591656129,0.9517196928635066
9.961340030316192,0.9320514147016608
9.966215468976255,0.9640958999423728
9.97109090763632,0.9955651450013434
9.975966346296383,0.864651490830804
9.980841784956448,0.8705519742793609
9.985717223616511,0.8840425905552401
9.990592662276574,0.889943074003795
